STARTING_COORDINATES_X=57.688342
STARTING_COORDINATES_Y=11.979448